Faro
37.0194
-7.93044
0
StaApolonia
38.7174
-9.11948
0
Lisboa
38.7907
-9.09952
0
Xira
38.9543
-8.98969
0
Santarem
39.2362
-8.68708
0
Entrocamento
40.7657
-8.48697
0
Covilha
40.2826
-7.50326
0
Fatima
39.6172
-8.65214
0
Pombal
39.9138
-8.62749
0
Coimbra
40.2115
-8.4292
0
Gouveia
40.4936
-7.59372
0
FornosAlgodres
40.6225
-7.53865
0
Guarda
40.5371
-7.26785
0
Formoso
40.6311
-7.9735
0
Mealhada
40.3781
-8.45145
0
Aveiro
40.6412
-8.65362
0
Estarreja
40.7546
-8.5691
0
Ovar
40.8597
-8.62542
0
Espinho
41.0067
-8.64433
0
Gaia
41.1359
-8.63318
0
Porto
41.1573
-8.57918
0
Famalicao
41.4124
-8.52064
0
Braga
41.5518
-8.4229
0
Guimaraes
41.4419
-8.29561
0
